b 2432 658 14
b 2316 626 21
b 2228 602 28
b 2120 586 60
b 2004 582 80
b 2408 2722 50
b 5496 1806 20
b 4788 2774 60
b 3248 2934 80
b 3088 2906 55
b 2904 2890 15
b 7308 1150 85
b 7276 1026 80
b 7252 902 45
b 7152 934 20
b 7072 1014 15
b 5828 1282 15
b 6060 1086 15
b 5908 1122 60
b 3152 2046 10
b 3076 1994 15
b 3156 1966 5
b 3156 1898 80
b 3084 1926 75
b 3008 1946 60
b 864 1246 0
b 660 1554 0
b 860 2010 0
b 660 2410 0
b 856 2790 0
t 1934 2652 0
t 1840 2215 0
t 1822 2295 0
t 1889 2593 0
t 1864 2521 0
t 1841 2450 0
t 1829 2374 0
t 6973 1126 0
t 6775 1341 0
t 6943 1194 0
t 6904 1259 0
t 6853 1320 0
t 7185 3892 0
t 7257 3856 0
t 7319 3817 0
t 7380 3768 0
t 7431 3710 0
t 7481 3646 0
t 7532 3590 0
t 7567 3523 0
t 7599 3456 0
t 7619 3383 0
t 7627 759 0
t 7588 689 0
t 7523 634 0
t 7451 594 0
t 7380 559 0
t 7298 540 0
t 7216 533 0
t 7135 542 0
t 7059 573 0
t 5658 773 0
t 6042 774 0
t 5966 750 0
t 5885 728 0
t 5803 721 0
t 5724 721 0
t 1077 321 0
t 990 336 0
t 911 364 0
t 833 400 0
t 761 447 0
t 700 497 0
t 647 554 0
t 608 622 0
t 546 3128 0
t 552 3202 0
t 971 3884 0
t 556 3279 0
t 562 3355 0
t 575 3428 0
t 611 3500 0
t 651 3573 0
t 692 3637 0
t 739 3699 0
t 788 3753 0
t 840 3804 0
t 900 3846 0
